   4.6090124e-01
   2.1167615e-01
   1.8091631e-01
   1.2973815e-01
  -4.8320492e-01
   4.6740856e-01
  -2.3686385e-01
   1.5188945e-01
   3.3619156e-01
   4.4440139e-01
  -2.1647600e-01
  -1.1120169e-01
  -3.5763227e-01
   2.4497733e-01
  -3.5117512e-01
   4.9829584e-02
   6.0575465e-02
   2.3550453e-01
  -9.1173103e-02
   8.8837105e-02
  -2.5464948e-01
   1.4216118e-01
   7.7353066e-02
  -2.9343775e-01
   2.1176227e-01
   1.2082359e-02
   1.4924229e-01
   1.7702968e-01
  -1.4394626e-01
  -5.8651213e-03
   4.0854024e-01
  -3.7383355e-02
   8.7974924e-02
   1.0319419e-01
  -1.1529618e-01
  -3.1483958e-01
  -1.6451256e-01
  -6.4698845e-02
   2.4246621e-01
  -9.2177885e-03
   3.3472108e-01
  -2.3341881e-02
  -3.4735941e-01
  -1.4148583e-01
  -2.3201156e-01
  -3.1012258e-01
   3.4833046e-01
   2.4093862e-01
  -5.7174863e-01
   5.1789306e-01
   5.6724718e-01
  -4.2406430e-02
   1.2049872e-01
   1.7405521e-01
  -3.9637323e-02
   2.9918118e-01
  -3.9164195e-01
  -4.1063608e-01
   3.3972265e-02
   5.6644383e-02
  -2.6370755e-01
   1.1058010e-01
  -1.6107229e-01
  -4.0475454e-02
  -8.5573936e-02
  -2.2129815e-01
   1.2410409e-01
  -7.1226411e-02
  -3.7502754e-02
  -9.3017069e-02
  -1.3221022e-01
   3.5484125e-01
   6.1212003e-01
   4.1392391e-03
  -1.6826267e-02
  -2.4107246e-01
  -2.0336666e-01
  -1.7300178e-02
  -6.2381645e-01
   6.3677768e-01
   2.9752670e-01
   2.4370928e-01
   2.2070649e-01
  -2.9787872e-01
   6.4104280e-03
   1.5368046e-01
   1.7591883e-02
  -3.9897793e-01
   1.2875233e-01
  -6.3562257e-01
   5.0157719e-02
   1.1685497e-01
  -3.6008143e-01
  -4.8998725e-01
  -2.3444704e-02
  -3.3745092e-01
   1.1018477e-01
  -2.3137579e-01
  -8.2828860e-02
   2.6444995e-01
   5.2463426e-02
   2.6224732e-01
  -5.4405279e-02
  -3.4691875e-01
  -4.6544222e-01
  -1.5762959e-01
  -4.4386322e-02
   2.2018165e-01
  -1.0448361e-01
  -2.6621268e-01
  -2.0370163e-01
   8.9156451e-02
  -1.3106995e-01
   1.8783250e-01
   1.9849795e-01
  -1.2900576e-01
  -9.9271313e-02
   7.0347966e-02
   1.7837574e-03
  -1.8805499e-04
  -5.0018220e-01
   1.0716347e-01
  -2.9356881e-02
   1.9126083e-01
   2.4943217e-01
   1.7176392e-01
   2.9762347e-01
  -1.6852966e-01
   2.0031209e-01
  -1.6872874e-01
  -6.0169210e-01
  -1.7658837e-01
  -2.2070545e-01
   1.3629035e-01
   1.5418899e-01
   8.1076344e-02
   3.5897593e-01
  -8.5714279e-02
   7.9087864e-02
   3.0101652e-01
  -2.9271950e-01
  -5.3235846e-01
  -1.6791755e-01
  -4.0273053e-01
   1.9095300e-01
   2.3877003e-01
  -2.5921507e-01
   5.5877450e-01
   2.1356565e-01
   2.2383041e-01
   1.3321330e-01
   6.4727316e-02
  -1.7682684e-01
  -3.7404320e-01
  -1.0858253e-01
   1.7307083e-01
  -6.2593984e-01
   3.2873545e-01
   1.7653843e-01
  -1.1086314e-01
   6.8468541e-02
  -4.2007520e-01
  -1.9183009e-01
  -1.0506095e-01
  -2.2790909e-02
   1.1001047e-01
   1.6953696e-01
   4.5530122e-01
  -1.0293579e-01
  -3.7495263e-02
   2.3218885e-01
  -2.2900965e-01
  -4.7571715e-01
   2.7445713e-01
  -2.6217990e-01
   3.1092325e-01
   3.1154830e-02
  -1.3744166e-01
   2.5811133e-02
  -3.1066598e-01
   1.0357623e-01
  -3.9979047e-01
   3.4757525e-01
  -4.4903890e-02
   1.9607389e-01
   1.3851251e-01
   2.2601996e-01
   9.0991289e-02
   2.5890324e-01
   2.7353226e-02
  -1.1165229e-01
  -3.2817121e-01
  -1.3977110e-02
   1.6641700e-01
   1.6340578e-01
   1.4028187e-01
   3.5912726e-01
   3.7046973e-01
   4.3494022e-01
   2.4384413e-01
   2.6376259e-01
   1.1843732e-01
   8.9415784e-02
   1.2722202e-01
   1.2865119e-01
  -2.2129139e-01
  -2.6449409e-03
   1.7634857e-01
   6.7372503e-02
   9.6035645e-02
  -1.0805865e-01
  -3.9685615e-02
   4.1921763e-01
  -1.4557305e-02
   4.5183410e-01
   8.8561008e-02
  -9.9591745e-02
   1.6060059e-01
   1.2210220e-01
  -1.1907693e-01
   3.2719614e-01
   1.2882247e-01
   6.7136594e-02
   9.2346229e-03
  -1.4294210e-01
  -9.0300171e-01
  -1.0102848e-01
   3.4988861e-01
   3.3525979e-02
  -2.5470388e-01
   2.1379446e-01
  -3.2499837e-01
  -1.6851061e-01
  -2.8845202e-01
   1.4257643e-01
  -3.3140612e-01
   1.5160742e-01
  -3.1537906e-01
   2.4579316e-01
   1.5941822e-01
  -3.1978680e-01
  -4.4716424e-01
  -9.6964676e-02
  -6.1486898e-02
   9.6882160e-02
  -2.8223136e-01
  -2.3108207e-02
  -3.3998665e-01
   3.1117940e-01
  -2.4255337e-01
   4.6341272e-01
  -1.8192554e-01
  -1.6344280e-01
   2.1250740e-01
   6.5786133e-01
  -2.2839192e-01
   1.3781314e-01
   2.7927164e-01
  -4.4594780e-01
  -4.9140526e-01
  -1.6260353e-01
   4.0170707e-03
   3.0819338e-02
   1.9312863e-01
  -6.4787621e-02
   8.2598018e-02
   1.2137230e-01
  -5.0518332e-01
   8.1956216e-02
   1.7929807e-01
  -5.5491295e-01
  -7.0758356e-02
  -4.1305677e-01
  -3.4793423e-02
  -1.8205063e-01
   2.9972370e-01
  -2.0225398e-01
  -3.3784415e-01
   2.2372064e-01
   6.3279590e-01
   9.7101669e-02
   1.5667760e-02
  -1.7861740e-01
  -2.4615787e-01
   1.1654065e-01
   7.5444261e-02
  -1.3550536e-01
   3.8940492e-01
  -9.5233183e-02
   2.5301218e-01
   3.3185704e-01
   1.1655441e-01
  -2.3360724e-01
   2.2843614e-01
   1.3918574e-01
  -5.0649577e-01
   2.6778737e-01
   3.6234810e-02
   4.1619846e-01
   1.6001449e-01
   8.6061536e-03
  -1.7243488e-01
  -6.0720168e-02
   1.3530052e-01
  -7.1765974e-02
  -1.3265535e-01
   2.3850080e-02
   4.2513279e-01
   3.0565171e-01
  -3.1606221e-01
  -1.1302188e-01
  -2.1765188e-01
  -1.5135651e-01
  -1.7094800e-01
   2.3238920e-01
  -2.4755211e-01
  -5.7864464e-02
  -2.1459390e-01
   1.0438548e-02
   5.1565865e-01
   9.2199235e-02
  -1.6489104e-01
   2.0427169e-01
   9.3273798e-02
   1.9465875e-02
  -2.9551292e-02
   2.3488610e-01
   2.9082304e-01
   2.2416799e-02
  -3.1027913e-01
   4.6486942e-02
   1.5050671e-01
  -3.1145528e-01
  -5.6255237e-01
  -4.1241461e-01
  -1.9391363e-01
  -3.0420322e-01
  -1.8788833e-01
  -1.7088892e-01
  -1.6787236e-01
  -8.5291173e-02
   3.2837052e-01
  -1.1844366e-01
   2.9752084e-01
   1.0551324e-01
  -6.3548858e-01
   4.1946073e-01
  -2.4391035e-01
   2.2506954e-02
   4.5374994e-01
   1.4552068e-01
   7.1231931e-01
   6.5286036e-02
   4.5167574e-01
   3.8189384e-02
  -3.3074141e-02
  -2.4292313e-02
   4.2961091e-01
  -1.5065411e-01
   2.7638502e-01
  -3.2186108e-01
  -4.2644975e-01
   1.2063965e-01
   6.0783143e-02
   2.4669024e-01
  -1.5949920e-02
   1.7718028e-01
  -4.9284812e-01
  -2.7432851e-01
   1.3907195e-01
  -3.1472282e-01
   2.3929985e-02
  -2.6827059e-02
  -5.7703199e-01
  -2.7588191e-01
   7.4288839e-02
   4.2220219e-01
   7.2581653e-01
   1.3043979e-01
   2.4314533e-01
  -2.7243021e-01
  -2.9785246e-01
   2.9560957e-02
   1.1889342e-01
   2.3102050e-01
  -5.3285264e-02
  -4.6523556e-01
   1.5330899e-01
  -4.2815475e-01
  -1.9495138e-01
   1.9495491e-02
  -2.4990157e-02
   3.2683714e-01
   2.1565423e-01
   2.7741323e-01
   3.3257486e-02
  -7.7600596e-02
   2.0408537e-01
  -1.7233001e-01
   6.7339992e-02
  -1.2290340e-01
   3.4515047e-01
   7.7098350e-02
  -7.2059629e-01
  -1.2055766e-01
  -4.3304349e-01
  -3.5897968e-01
   3.4378966e-01
   1.6866646e-01
  -2.8442847e-01
   2.9373404e-01
   2.1034018e-01
  -2.1235882e-01
   2.1694215e-01
  -8.9027441e-02
   1.0273858e-01
  -6.3637149e-01
  -1.9589664e-01
   3.0214207e-01
  -8.8129123e-02
  -1.5858398e-01
  -1.8673039e-01
   7.3484586e-04
   1.3122985e-01
   3.3813989e-01
  -1.5433230e-01
   6.8275162e-02
   3.0510487e-01
  -2.0748566e-01
   9.5534100e-02
   5.7864027e-01
   4.3858465e-01
   1.0802212e-02
  -6.9412360e-01
   1.9177534e-01
  -6.2006759e-02
  -1.3748485e-01
   1.7498871e-01
  -2.1781210e-01
  -9.5119353e-02
   3.5848588e-01
  -6.0511526e-02
   2.7879558e-02
   1.4773196e-01
