   4.0468812e-01
   3.8322170e-01
   7.8782018e-01
   2.5306767e-02
  -8.3131824e-01
   7.7150760e-01
  -2.3489562e-01
  -1.4114588e-01
  -4.4699099e-01
   1.0238749e+00
   2.2835147e-01
   2.0259428e-02
  -4.1938788e-02
   1.3555297e+00
   8.6315181e-01
  -5.0455210e-02
   7.0933728e-02
   8.6463050e-02
   3.0341960e-02
  -6.5620020e-01
  -9.5913318e-01
   6.9839058e-01
   1.1691134e-01
   6.6433532e-03
   3.1214836e-01
   4.2862065e-01
   7.6962544e-01
  -3.7190979e-01
   1.9050983e-02
   5.8143333e-02
   4.7718193e-01
  -8.5840654e-01
  -2.5783471e-01
   3.4330121e-01
   9.5877451e-01
  -2.1299983e-01
  -2.6236720e-01
  -4.6258791e-01
   1.3706112e-01
   8.3053876e-02
   5.5975007e-02
   4.2945791e-02
  -1.3596043e-01
  -4.6006800e-01
   8.2489501e-01
   1.2021851e-01
  -1.9442242e-01
  -3.8211977e-01
  -6.6708924e-01
  -2.7820609e-01
   6.5410262e-01
   9.5281875e-01
   3.2953341e-01
   7.6116918e-02
   4.3903147e-01
   7.1195623e-01
  -4.6495813e-01
  -9.6082963e-01
  -8.4906376e-01
  -2.4751862e-01
   6.6883656e-02
   4.4236576e-01
  -1.2038617e-02
  -2.9505187e-01
   2.5202001e-01
  -1.3187616e+00
  -1.9784712e-01
  -5.3141151e-02
  -6.3824899e-01
  -3.7920335e-01
   2.3411370e-01
  -4.9789540e-01
   3.3496861e-01
   7.5567930e-01
  -5.6656049e-01
  -2.8247773e-01
  -6.0253693e-01
  -5.7959225e-01
  -1.1949739e-01
  -2.4314008e-01
  -1.1748262e-02
   2.6922333e-01
   9.4419458e-01
   2.3392474e-01
  -5.8843808e-01
  -7.2662048e-01
  -2.0343576e-01
  -2.6321001e-01
  -7.0644456e-01
  -5.4993084e-01
  -2.8358711e-01
   8.8613377e-01
  -1.1373609e-01
   2.6808872e-01
  -9.9193866e-01
  -8.7269128e-01
   2.6252853e-01
   8.0771517e-01
  -4.4815794e-02
   1.6960936e-01
   4.7340838e-01
  -2.3786998e-01
   5.3051312e-01
  -4.4509457e-01
   5.3388472e-01
  -8.0208808e-02
   9.4892012e-01
   8.4741380e-02
   3.0904707e-01
   2.2319960e-01
   1.7445116e-01
  -5.1737969e-01
   2.0653630e-02
  -2.1659609e-01
   2.4284442e-01
   2.8129430e-01
   6.9427580e-01
  -4.2863248e-01
  -3.6697488e-01
  -1.4422311e-01
  -2.9330069e-02
   1.3245491e+00
  -2.1581940e-01
  -2.1587614e-01
  -5.9307389e-01
  -8.5815468e-02
  -1.0291874e-01
   9.8269506e-01
  -7.3962644e-01
   1.1766209e+00
  -4.3483949e-01
   4.8443609e-01
   4.3261510e-02
   2.3821489e-02
  -8.3546901e-01
  -1.9277153e-01
  -5.5355618e-01
  -6.2867165e-01
   3.1805438e-01
  -1.2924229e+00
   4.2483947e-01
  -2.6594625e-02
  -8.4213423e-01
  -3.1977103e-01
  -4.0129998e-02
   9.2232917e-01
   2.6005082e-01
  -4.8489649e-01
   1.9853682e-01
  -4.4898464e-01
  -1.5900978e-01
  -2.7711886e-01
   8.2177184e-02
   5.5177479e-01
   7.7817550e-01
  -9.4786821e-01
  -3.9440789e-01
   4.8782959e-02
   1.4210035e+00
  -1.2205751e+00
   2.9373409e-02
   1.7480647e-01
  -3.4261463e-01
  -1.7457052e-02
  -1.3012148e+00
   2.6790550e-01
   1.7653128e+00
  -3.0196168e-02
  -1.1682644e+00
  -6.7823563e-01
  -4.0058564e-01
  -5.9271828e-01
   1.2341542e-01
   1.0421595e+00
   4.5459299e-02
   2.4652722e-01
  -4.2280582e-01
   6.1440853e-01
   8.4539097e-01
   8.4254266e-01
  -4.8914334e-01
  -3.5936045e-01
   2.0907805e-01
  -2.6018675e-01
   6.6120239e-01
  -1.4537558e-01
  -4.7279192e-01
  -2.9663563e-01
   8.5688697e-01
   1.1921095e+00
   5.9017593e-01
  -2.4863601e-01
   1.9838796e-01
   7.7739348e-01
  -1.5875260e-01
   2.3674365e-02
  -6.7210535e-01
  -1.5007031e-01
   1.0973556e-01
   8.7868603e-02
   4.8480202e-01
   5.6558708e-01
   6.5260093e-01
   6.5604656e-01
   4.4246636e-01
   1.9353206e-01
  -1.0308144e+00
  -7.4874182e-01
   6.9047433e-01
   3.8380789e-01
   7.4077005e-01
  -2.7268490e-01
   2.0495483e-01
  -1.3133675e-02
  -7.2985858e-01
  -5.3102633e-01
  -5.1268915e-01
   7.7936276e-01
   6.8083345e-02
  -2.9445435e-01
  -4.5473902e-01
  -6.5936828e-01
   1.9520024e-02
  -1.5656205e-01
  -9.9130316e-02
   4.2209429e-02
   1.9373225e-02
  -2.9427289e-03
   1.2243924e+00
  -2.6920752e-01
   2.8575455e-01
  -4.2842332e-02
  -3.1675490e-01
   3.5046804e-01
  -4.9744648e-01
   8.6606395e-02
   1.8858224e-01
   6.2108806e-01
  -1.0887744e-01
   3.0667697e-01
  -4.2292652e-01
   1.3850892e-03
  -6.9522016e-01
  -4.3409036e-01
  -1.6674897e-01
  -2.8659582e-01
   6.3058743e-01
  -7.9997753e-01
  -1.0691074e+00
  -1.7506704e-01
  -5.8873980e-02
   3.0977113e-01
   8.2046001e-01
  -4.7188302e-01
   8.6437174e-02
  -1.4008117e+00
  -1.6395424e+00
   2.1269671e-01
  -1.3098578e-01
   7.1454298e-02
  -5.7317440e-02
  -9.5264171e-01
   6.0658664e-02
   8.2845668e-01
  -6.2957344e-01
   2.3007613e-01
   8.8727667e-02
   1.2209029e+00
  -9.0287016e-01
  -2.2102989e-01
   9.1045619e-02
   2.0356413e-01
   4.0421762e-01
  -1.6200613e-01
   3.2834776e-01
  -3.0372012e-01
   9.6413358e-01
  -9.0679689e-01
  -9.4117036e-01
  -3.5236915e-01
  -1.6068486e-01
   1.0917284e-01
   7.2865048e-01
  -2.4682715e-01
  -7.3528530e-01
   4.5061645e-01
   1.9632774e-01
  -2.7106677e-01
  -5.5107284e-01
   3.8888474e-02
   1.5731153e-01
   9.7143555e-01
   1.2340761e+00
  -4.3124948e-01
   8.8459580e-01
  -6.3940351e-01
  -2.0696253e-01
  -2.1319522e-01
  -4.4766497e-01
  -3.2199080e-01
   1.0662526e+00
  -1.6320238e-01
  -5.1633498e-01
  -5.9737418e-01
   8.7519936e-01
   4.9940211e-01
  -7.3781359e-01
   1.0289278e+00
  -1.8095638e-01
   1.1649410e-01
  -1.3174775e-01
   6.8873338e-01
  -5.0857170e-01
   2.5677007e-03
  -4.0197706e-01
   8.2519482e-02
  -2.3469697e-01
  -8.0015392e-01
  -4.9001774e-02
   3.1564791e-01
   8.9728279e-01
  -6.1970790e-01
  -7.6039547e-02
   6.4997999e-01
  -6.6902213e-01
  -4.4923090e-01
  -1.3450051e+00
  -3.0947462e-01
   5.8119226e-01
  -7.5897630e-02
   9.5509080e-01
  -8.8193922e-01
   4.4111408e-01
  -3.4117267e-01
  -5.0455042e-01
  -4.4209877e-01
   6.9251493e-01
   1.6326363e-01
  -1.2117170e-02
   7.6644370e-01
   2.6708321e-01
   7.1378143e-02
  -7.8038806e-01
   9.4776305e-01
  -7.6391428e-01
   2.4115595e-02
   3.7780178e-01
  -1.4935863e+00
   7.0163110e-01
   7.5616230e-01
   4.7948843e-01
   1.0613780e-01
   4.6611532e-01
  -1.4458697e-01
  -5.1535893e-01
  -2.3993850e-01
  -7.6001151e-01
  -3.4900746e-02
   5.2969380e-01
  -4.8351791e-01
   5.8209203e-02
   1.2246454e-01
   6.8656291e-01
  -2.5577951e-01
   1.3480552e-01
  -2.2286015e-01
  -1.0771492e-01
   1.0466628e+00
  -1.5427981e-01
   4.8486612e-01
   1.7779673e-01
  -2.2718543e-01
   5.5198956e-01
   4.0436448e-01
  -2.0756465e-01
   1.1112978e+00
   6.9627315e-01
   2.8287151e-01
   1.5270767e-01
  -5.5215648e-01
  -3.7191642e-01
  -4.8161991e-01
   8.9078853e-01
  -4.3452303e-01
  -3.6734031e-01
   1.5892526e-02
   4.1846883e-01
   1.0116985e+00
   4.1347158e-01
   5.3515684e-02
   1.3538476e+00
  -1.9513199e-01
  -1.3680283e+00
  -7.2152944e-01
  -6.9957715e-01
  -4.2218247e-01
   6.7966341e-01
  -2.1004517e-01
   5.2861960e-02
   1.8776460e-01
   8.6044726e-01
   4.4177117e-01
   1.7377986e-01
  -3.3057436e-01
  -3.1609129e-01
   6.4659446e-01
  -6.0357625e-01
   6.1377417e-01
   1.1871262e+00
   3.9337124e-02
   3.3916257e-01
   1.4613445e-01
  -8.9141012e-02
  -7.1726969e-01
   2.8454988e-01
  -4.4594155e-01
  -7.7388562e-01
   5.0612774e-01
  -2.2112558e-01
   6.4078521e-02
   1.5614320e-01
  -6.1789063e-01
   1.3300030e-02
   1.5997522e-01
  -2.5481440e-02
  -2.3747204e-03
   4.8244478e-01
   7.7027015e-01
   1.6504616e-01
   7.2918554e-02
  -8.4730208e-01
   6.9680393e-01
  -2.0180415e-01
  -1.6750250e-01
  -6.2916648e-01
  -9.3597951e-01
  -2.5270973e-01
  -3.7362371e-02
  -9.6581394e-01
  -3.1174084e-01
   5.0127935e-01
  -5.7194126e-02
  -7.9323386e-01
   1.6839170e-01
