   3.6139303e-01
  -1.8404580e-01
   1.5934036e-01
   1.0977693e+00
  -7.3148819e-01
  -5.5161223e-02
  -1.4533273e-01
  -4.0793226e-01
   5.8925099e-02
   3.9166241e-01
  -4.8091798e-02
  -2.1376267e-01
  -4.6704513e-01
   6.9708981e-01
   3.8117636e-01
  -4.7911709e-01
  -4.5983024e-01
   3.8778108e-02
  -3.8751323e-02
  -1.1276460e+00
   1.9652862e-01
  -8.7510723e-01
   7.4016133e-01
  -1.6851868e-02
   1.9926516e-01
   1.1640693e+00
   7.7140883e-01
   3.7328206e-01
   2.1508548e-01
   1.0525896e+00
   5.9614547e-01
  -1.2702036e-01
   5.7908584e-02
   8.8259957e-01
   8.7523048e-01
  -5.2231693e-01
   1.1215216e-01
   7.4007256e-02
   1.5984273e-01
  -8.8069296e-01
  -4.0627131e-01
   6.3836361e-01
  -7.7982962e-02
   1.3512815e-02
   6.2049985e-01
  -1.5631139e-01
   6.2196297e-01
   2.9327965e-01
  -1.2492089e-01
  -3.1134084e-02
   7.5048424e-02
  -2.1658558e-02
   6.1193857e-02
  -1.4301562e-01
   2.4790484e-01
   6.9485735e-01
   4.6449112e-03
   3.6298526e-02
   1.6944409e-01
   2.5050488e-02
   6.0228501e-01
  -2.3163462e-01
  -2.1289561e-01
  -1.7155521e-01
   1.1085449e+00
  -8.6458492e-01
  -2.2610918e-01
   4.3270065e-01
  -5.7408894e-01
  -1.0838670e+00
  -4.8832288e-02
  -5.5976000e-01
  -1.1150383e+00
   6.7196437e-01
   5.6017394e-01
   4.0933053e-01
  -7.2736511e-01
  -3.5696237e-01
  -4.0883449e-01
  -1.2209073e-01
  -1.1294399e-01
   6.0288028e-01
   1.2017588e-01
   5.9754655e-01
  -1.7256181e-01
  -1.6398569e-01
  -3.1751069e-01
   1.1712890e+00
   4.1671459e-01
  -5.6613804e-01
  -2.6841349e-01
   5.4240368e-01
  -1.3242850e+00
  -5.0226203e-01
  -2.5779923e-01
  -3.0146726e-01
  -9.1001291e-02
   4.2598410e-01
  -5.3873799e-01
  -4.0070756e-02
  -3.7727907e-01
   1.3948370e-01
  -3.4356303e-01
  -9.7130930e-01
  -1.1520653e+00
   6.0064468e-01
  -2.9748397e-01
   7.2444375e-01
  -7.3327065e-01
   2.9492992e-01
  -4.1011226e-01
  -5.8016131e-01
  -1.2722745e-01
   4.4758009e-01
   8.2370724e-01
   6.3717970e-03
   3.1811492e-01
   6.6381899e-02
   3.8174618e-01
   5.9860400e-02
  -2.3347239e-01
   6.7607276e-01
   3.2714131e-01
   8.4134525e-01
   2.0711783e-01
  -4.1249449e-01
  -1.6934217e-01
   6.5993577e-01
   1.8344571e-01
  -2.3767883e-02
  -3.5626573e-01
   7.8444269e-01
   1.3597564e-01
   3.9537496e-01
   1.9985469e-01
   2.4649691e-01
   2.8840042e-01
   6.8874183e-01
   4.6680412e-01
  -2.2974443e-01
  -4.1039237e-01
  -5.1401646e-01
  -1.9128573e-01
  -4.6201913e-01
   5.5030753e-01
  -6.7640956e-01
   7.9527385e-01
  -5.5200662e-01
   1.0910894e-02
   5.8187143e-01
  -1.2683221e-01
  -1.2708965e-01
   1.5731601e-01
  -1.0237354e-01
  -5.8531156e-01
   1.6898958e-02
  -1.7824697e-01
   1.9123760e-01
  -4.1665840e-01
   5.9631953e-01
   5.3005913e-02
  -2.0751159e-01
  -8.7769833e-01
   1.6746474e-01
  -2.6358114e-01
   3.0442217e-01
   7.9492760e-01
   5.4737130e-01
  -1.2867801e+00
  -1.8189089e+00
   2.8402568e-01
  -2.6716062e-01
  -1.1679690e+00
   2.0010410e-03
   3.5018771e-02
   5.0484516e-02
  -5.6272864e-01
   4.2330124e-01
   5.4557477e-01
  -3.6602132e-01
  -1.4794409e-01
  -8.4822200e-01
  -3.0019859e-01
   2.5575622e-01
   1.0886672e-01
  -2.3895105e-01
   3.7930355e-01
   5.0278351e-01
   2.0772075e-01
  -3.8242943e-02
   1.4283678e+00
  -5.6362579e-01
   3.2215854e-01
  -3.0480744e-01
   2.7000933e-01
   4.0794123e-01
   3.0463916e-02
  -2.8573180e-01
   2.4558887e-02
   4.4211980e-01
  -1.8265023e-01
   3.7052526e-01
   3.8873559e-01
   7.0993045e-01
   7.3381988e-01
  -1.0776586e-01
  -6.9438735e-01
  -5.1817881e-02
   8.3436847e-01
   1.2922500e-01
   3.5015829e-01
  -2.1167742e-02
  -7.1896174e-01
   3.8673407e-01
   2.5598868e-01
   9.1323341e-02
   1.5477837e-01
   8.8440099e-01
   1.3317025e+00
  -4.7597553e-01
  -2.4367353e-01
  -1.8867152e-01
  -3.5052186e-01
   2.1046119e-01
  -1.3215051e-01
  -3.7832944e-02
  -2.6206380e-01
  -1.2820633e-01
   7.3260935e-02
  -5.1838446e-01
  -3.1151746e-02
   7.7009671e-02
   1.2238622e-01
   1.2796104e-01
  -1.5861531e-02
  -1.1597184e-01
   1.4365673e-01
   4.1397473e-01
   5.4962206e-01
  -2.1312611e-01
  -3.9490019e-01
  -4.6797696e-01
   7.8689796e-02
  -1.0523669e-01
  -2.9059596e-01
  -3.0388990e-01
  -4.4505852e-01
  -2.3877033e-01
  -1.4959729e-01
  -1.0950890e-01
  -1.9621354e-01
   7.0028211e-01
   8.3543824e-02
  -2.6353816e-01
  -6.4215656e-01
  -3.8539572e-01
  -7.6449973e-02
  -5.2231561e-01
  -6.3005279e-01
  -1.0000153e-01
  -1.9834754e-02
  -9.6556008e-01
   2.9436057e-01
   5.3954120e-01
   5.1500791e-01
   6.3647512e-01
   2.9771021e-02
  -7.7616710e-02
   9.3267725e-02
   2.7685222e-01
  -2.0313557e-01
  -9.5254460e-02
  -5.0352083e-01
   2.3262477e-01
   7.6934560e-01
  -1.0733735e-02
   3.9425831e-01
  -6.6618181e-01
  -5.5234922e-01
  -1.0515269e+00
   5.6335808e-01
   1.0829286e+00
  -4.1735761e-02
  -3.4466055e-01
  -7.1702284e-01
   5.9787073e-01
  -4.1080784e-01
   1.2905515e-02
  -7.7627136e-01
   9.7802595e-02
  -4.9738899e-02
  -1.9895598e-02
   7.7678231e-01
  -3.7384419e-01
   1.3475926e+00
  -1.2531266e+00
   4.1649009e-01
  -8.1954334e-01
   2.3418826e-02
   6.6515066e-01
  -2.5050255e-01
  -6.4566191e-01
   5.6623176e-01
  -7.2265928e-02
  -3.4508576e-01
  -1.5013515e-01
   1.0331974e-01
   1.9378947e-01
  -2.4271444e-01
  -1.0967628e-01
  -2.9035843e-01
  -1.0729703e-02
   8.7470879e-02
  -6.6986214e-01
  -6.2016648e-01
  -4.4588027e-01
  -1.8847963e-01
  -6.7410869e-01
   3.2874289e-01
   6.6035033e-01
  -4.7949452e-01
  -3.4046218e-01
   5.0375928e-01
   3.0748761e-01
  -1.4334364e-01
  -3.4926097e-02
   4.7421624e-02
   1.6700870e-01
  -1.5550293e-02
   4.4126267e-01
   3.8921434e-01
   1.8435861e-01
  -2.4316897e-01
  -2.2263887e-01
  -1.6322565e-01
  -9.4892764e-01
  -6.9412170e-01
   5.4840883e-01
   4.5542101e-01
   5.7710134e-01
   3.8463526e-01
  -1.6889592e-01
  -4.9447913e-01
   1.0681952e+00
  -9.5051874e-01
  -6.3968514e-02
  -7.7206196e-02
   1.1772367e-01
   3.4379971e-01
  -7.3968315e-01
   2.2611522e-01
   3.9331745e-01
  -2.2890532e-01
   5.2589847e-01
  -1.0484708e-01
   7.9222257e-01
   5.3026546e-01
  -1.3685304e-01
   2.9421644e-01
  -6.8759093e-01
  -3.9279222e-02
   3.1727205e-02
   2.5400795e-01
  -1.8224010e-01
  -3.3358876e-01
   5.8527966e-01
  -1.5634545e-01
   2.6150770e-01
  -4.6301175e-01
   1.2241671e+00
   3.2930545e-01
  -1.0789056e+00
   1.0955553e+00
  -4.5350067e-01
  -2.7689021e-01
   2.8419200e-01
   5.0042426e-01
   5.7802886e-01
   2.7556978e-01
   4.0241510e-01
   2.5654740e-02
  -4.5848082e-01
   2.2243878e-01
  -6.1844241e-01
   7.4976103e-01
   4.5774397e-01
  -2.5705803e-01
  -1.3416019e-01
   3.6314033e-01
  -1.5641767e-01
   1.2219494e-01
   1.4853408e-01
  -3.8149491e-01
  -5.5905022e-01
  -1.3229436e-01
  -7.7450254e-01
   1.3604785e-01
  -9.1350975e-01
   3.2726748e-01
   1.0584403e-01
  -1.1135257e-01
  -1.9337785e-01
  -3.4582442e-02
  -8.8742706e-02
  -3.2030914e-01
  -1.0077389e+00
  -6.0697412e-01
   1.0123038e-02
  -2.7622559e-01
  -3.1053696e-01
   6.1424318e-01
   4.6540300e-01
   5.0404100e-01
   5.5627651e-01
   7.1766348e-01
   6.4641251e-01
  -7.8742332e-01
   6.8838291e-01
  -6.3974624e-02
   9.1432198e-02
  -2.3957130e-01
  -3.7748464e-01
  -3.6478351e-01
   1.9814417e-02
  -1.4805030e-01
   3.0762372e-01
  -3.3051884e-02
   6.4232117e-01
   3.2382459e-01
  -3.1782311e-01
  -3.0207661e-03
  -5.9164690e-01
   6.5786031e-01
  -5.2723478e-01
   5.8167746e-01
   8.0584908e-02
  -4.8930463e-01
   3.4615883e-01
  -1.2606405e-01
  -1.1204216e+00
  -5.2931634e-01
  -4.7005913e-01
   1.2162014e-01
  -2.5865651e-01
