  -4.8667305e-01
   1.4931201e-01
   1.2160919e-02
  -6.5614590e-01
  -3.1396496e-01
  -1.0027989e-01
  -6.1903989e-01
  -3.0181155e-01
   2.4544403e-01
  -6.8342190e-01
   7.3558945e-01
   5.5474744e-02
  -4.0715544e-01
   1.6389621e-01
   9.1427173e-02
  -2.1257696e-01
   1.4799849e-01
   4.6597651e-02
  -2.3673751e-01
  -6.2992521e-01
  -3.1792843e-01
   3.5344172e-01
   3.5085329e-01
   1.8167293e-01
  -3.1989020e-01
  -8.4735614e-01
  -9.3761724e-03
  -2.9614082e-01
  -3.6440145e-01
   1.8312482e-01
  -1.1844399e-01
   9.6521994e-03
   6.3723593e-02
  -6.2647826e-02
  -6.1446515e-01
   1.1877043e-01
  -5.1620227e-01
   9.9427944e-02
  -3.0356822e-01
   2.7675063e-01
   3.8967929e-01
  -1.2932790e+00
  -7.8367883e-01
   6.0138322e-01
  -7.1611663e-02
   5.5237844e-01
   6.8820098e-01
   1.0334768e-01
  -2.0676959e-01
   5.6045517e-01
   1.6778031e-01
   1.0240400e+00
   1.6528538e-01
  -3.9868614e-01
  -4.2978976e-01
   6.2621096e-01
   7.8868107e-02
  -1.0054115e+00
  -7.1190283e-01
  -3.1743783e-02
   3.1209069e-01
   7.4270362e-02
   8.4984372e-01
  -3.6966767e-01
   2.6529139e-01
   1.2257722e-02
  -8.4496696e-01
  -3.4184860e-01
  -3.3363585e-01
   8.6914625e-02
  -2.8169708e-01
  -7.4277322e-02
  -3.2691234e-01
   1.0881264e+00
  -4.2993530e-01
  -8.4067040e-01
  -2.3370839e-01
   1.2427200e-01
  -3.9479683e-02
   6.6006156e-01
  -9.3855995e-01
   4.6937980e-02
  -1.2838011e-01
  -1.3212764e+00
   1.8131632e-02
  -2.3278846e-01
  -2.4466076e-01
   4.1882241e-01
   4.5784964e-03
  -2.6012146e-02
  -3.7204067e-01
   4.8622279e-01
  -8.5661149e-01
  -2.2281377e-02
  -2.3545298e-01
   4.9539437e-01
  -4.1432534e-01
   9.4756308e-03
  -5.0534605e-01
  -5.2790456e-01
  -2.3048093e-01
   4.4449167e-01
  -3.9060012e-02
  -9.3209658e-02
  -1.3544846e-01
   7.1031801e-01
  -5.1210579e-02
   2.0410199e-01
   1.3118120e-01
   1.4093693e-01
  -3.6094496e-02
  -1.4635496e-01
   4.1508985e-01
  -1.2331036e-01
  -2.0517439e-01
   5.3507027e-01
   9.2498993e-02
  -1.7971011e-01
   8.1252392e-02
   1.8718526e-02
   4.7934154e-01
  -4.1355634e-01
   1.1917222e-01
   1.5300948e-01
  -4.4083193e-02
  -2.1073109e-01
  -3.1780023e-01
   5.1769774e-01
  -5.3481282e-01
  -2.5162197e-01
   2.3423589e-02
   9.3120941e-02
  -5.4828704e-01
  -1.5543849e-01
   9.0558089e-01
  -2.0299226e-01
   7.5114304e-01
   2.1673212e-01
  -6.5517276e-01
   4.5218411e-01
   5.9766374e-01
   1.6221267e-01
  -2.6013937e-02
  -7.0296538e-02
  -2.0978537e-01
   1.7566878e-01
  -2.5728102e-01
   3.8519070e-01
   3.6677441e-01
  -8.7525303e-02
   6.5631382e-01
  -1.5369433e-01
  -2.1095025e-01
  -5.7745251e-01
  -4.1791846e-01
   2.2941200e-02
   5.6863873e-01
   8.8039593e-01
  -2.6837016e-01
   1.4143420e-01
   5.5658019e-01
   1.4461363e-01
  -2.9168859e-01
   4.2078438e-01
  -5.6239899e-01
  -1.3293101e-01
   5.1320643e-01
   4.1041033e-01
  -3.0543913e-01
  -4.3694955e-01
  -8.7701158e-03
  -3.0860166e-03
   7.4606311e-01
   4.6336968e-01
  -3.5387578e-01
   2.5526868e-01
   2.6947644e-01
  -4.1828635e-01
   3.4252376e-02
   4.1058695e-01
  -1.1776868e-01
   6.4936049e-01
  -8.9123492e-02
   4.4432179e-01
   5.7568054e-01
  -4.2807683e-01
   2.9806428e-01
  -1.3789280e-01
  -1.7594424e-01
   1.9908306e-01
   1.5136207e-01
  -2.4128114e-01
  -3.2234672e-01
   6.1628013e-02
   2.3920712e-01
   5.4855057e-01
   6.1862123e-01
  -4.1821782e-01
  -6.8334240e-02
   2.6317796e-01
   9.0664177e-02
   2.3940570e-01
  -2.0158048e-01
   2.8187263e-01
  -1.7712265e-01
  -4.4029770e-01
  -9.5807605e-03
  -3.5649275e-02
  -3.3702564e-01
  -2.4362302e-01
   9.0935268e-02
   1.6459683e-01
  -2.9637178e-01
  -5.2000133e-03
  -4.3563903e-01
   1.4045598e-02
  -2.4235440e-04
  -2.1709604e-01
  -5.6364680e-01
  -2.4022078e-01
   1.2206538e-01
  -2.1007982e-01
   1.5283751e-01
   3.3348195e-01
   6.0075841e-01
  -2.5519121e-01
   7.9852343e-01
  -4.6997252e-02
  -6.2650943e-01
   5.3368926e-01
   2.9647408e-01
  -9.2533506e-02
  -5.2761851e-02
   7.2616442e-01
   1.5611265e-01
  -9.3223114e-01
   1.9397903e-01
  -7.6697421e-01
  -5.3413752e-01
   2.3938667e-01
   2.3880543e-01
  -5.9201487e-01
   3.8362350e-01
   6.0639582e-01
  -1.1119798e-01
   4.6217509e-01
  -1.1573373e-01
   5.0621744e-02
  -2.8014184e-02
   3.0388155e-01
   2.4692168e-01
  -2.1126578e-01
  -3.4595533e-01
   7.9120195e-01
  -1.3580952e-01
   1.2207681e-01
  -1.2494286e-01
  -3.2305043e-01
   3.5085704e-01
   3.4575223e-01
  -3.1251051e-01
  -2.8996211e-01
   1.1696251e-01
  -1.6681417e-01
   1.7841218e-01
  -6.1692373e-01
  -1.8652315e-01
   1.0960847e+00
   1.0387927e-01
   5.4205766e-01
  -1.3048141e+00
   2.7225956e-01
  -3.3299243e-01
  -6.2920430e-02
   1.5635466e-01
  -4.9085487e-01
  -2.5945684e-01
  -2.2246008e-01
   3.8882792e-01
  -6.7144630e-01
   3.5645283e-01
   1.5795670e-01
   1.2018815e-01
   7.1198697e-02
  -1.4885715e-01
   5.6714311e-01
   2.7270209e-01
   1.7281627e-02
   9.9942841e-01
   3.3454261e-01
   1.7931021e-01
  -5.5410395e-02
   1.1394298e-01
  -8.6595415e-01
   2.9923920e-01
  -2.0095927e-01
  -5.9803046e-01
   1.8022092e-01
  -1.4650320e-01
  -2.5506859e-01
  -1.5526181e-02
  -5.3636817e-01
   4.6496514e-01
   3.1354528e-01
   5.9233205e-01
  -8.3498383e-02
  -2.5084037e-01
   3.6008493e-01
   5.3939136e-01
  -5.2882535e-02
  -1.1725134e-01
  -6.0117023e-01
  -4.3036253e-01
  -1.1443003e-01
   2.8756701e-01
  -5.5628406e-01
  -1.4819740e-01
   8.5593814e-02
   5.3001734e-01
  -5.5711543e-02
  -5.0685026e-01
  -1.6390023e-01
  -7.6215173e-02
   2.1753457e-01
   4.0933468e-01
  -3.4725245e-02
   6.5854644e-01
   2.6966424e-01
  -6.0567428e-01
   1.7513051e-01
   1.2941962e-01
   1.4399262e-01
   1.2545042e-01
  -8.0997971e-01
  -2.4141879e-01
  -5.4165625e-01
   7.0684931e-01
  -4.7426248e-01
   3.8881751e-01
   2.6058481e-01
   4.7222365e-01
   6.2669498e-02
   2.2694188e-01
  -1.6969230e-01
   2.6566467e-01
  -2.1139201e-01
   1.0763501e-01
   1.3510178e-01
  -1.0062091e+00
  -1.3838998e+00
   2.1640075e-01
   7.3489304e-01
   3.4682907e-01
   7.5008130e-02
   1.1204187e-01
   1.8703223e-01
  -3.2964021e-01
   3.3811605e-02
  -6.1981416e-01
   5.6915684e-01
  -1.9063695e-01
  -2.2334683e-01
   1.8100574e-02
  -2.6945177e-01
  -1.3129420e-02
   5.3182622e-02
  -3.2764148e-01
  -2.9108434e-01
   1.7226475e-01
   8.1869743e-01
   3.1015239e-01
  -2.6600774e-01
   1.0922501e+00
  -4.8853216e-01
   3.5773382e-01
   1.2758419e-01
  -7.2837404e-01
   1.9559185e-01
  -3.8610087e-01
  -2.3782484e-02
  -2.3612681e-02
   6.5069361e-01
   5.7215175e-01
   6.2172619e-01
   3.4527163e-01
   2.8220400e-01
  -7.8628034e-02
   4.5707454e-01
   6.6149576e-01
  -4.1084528e-02
  -7.6152487e-02
  -1.0314626e-01
   6.8690745e-02
  -6.1311504e-01
   5.4901114e-01
  -4.3475895e-01
   6.1498466e-01
  -3.1572265e-01
   6.6021776e-01
   7.2181032e-01
  -3.1134023e-02
  -4.6689469e-01
  -3.9469647e-01
  -2.0166555e-01
   5.4022208e-01
  -1.1768885e-01
   2.5591468e-01
   1.4425076e-01
   3.6454293e-01
  -2.1823266e-01
  -8.6247325e-02
  -9.2309926e-01
  -4.4446332e-01
   1.7547300e-01
  -4.8142406e-01
   5.8582739e-01
  -2.7607687e-01
  -2.5306978e-01
   4.1790664e-02
   1.1885489e-01
   6.8485762e-01
   7.6715476e-01
   2.2858840e-01
  -7.7913340e-01
   5.6868114e-01
  -5.8294061e-01
  -2.6401769e-01
   1.3102253e-01
   2.3083962e-01
   1.3978532e-02
   2.3026314e-01
   3.9884819e-01
  -2.0443834e-02
   1.2076347e-01
  -7.9422449e-03
  -8.8461405e-02
  -2.5200258e-01
  -5.6027220e-01
   2.3354705e-01
   4.8189486e-01
  -1.6139433e-01
  -3.6726375e-01
  -5.3278930e-01
  -1.4540743e-01
