   4.3938033e-03
  -8.2802804e-01
  -1.2264966e-01
  -1.7680962e-01
   3.4934132e-01
   7.0077125e-01
   1.0090065e-01
   3.7680926e-01
  -2.7500510e-01
   1.0748661e-03
  -1.8230466e-01
   2.6949985e-01
   3.9465104e-01
  -7.6777239e-01
  -3.8660661e-01
   1.1492996e-01
   3.8079566e-01
   5.1364001e-01
  -3.1138557e-02
   1.0780642e+00
  -2.0102878e-01
   2.6270394e-01
  -3.3382083e-01
  -5.8827601e-01
  -3.5239862e-01
   3.7836274e-01
  -1.5167764e-01
   1.5583531e-01
   2.0951633e-01
  -3.0992153e-01
   4.5986548e-01
   1.4039365e-01
  -3.6777568e-01
   8.6240364e-02
  -4.3892468e-02
   1.1765200e-02
  -3.0121314e-01
  -5.0161482e-01
  -3.0030783e-01
   2.0511144e-01
  -4.4448982e-01
   3.2544301e-01
   1.4358262e-01
  -2.5964475e-01
  -3.3444866e-01
  -1.3832097e-01
  -2.0475893e-01
  -5.5987940e-01
  -6.9685805e-02
  -1.0863464e-01
  -3.5845441e-01
  -1.8460742e-01
  -1.2503046e-01
   5.4935737e-02
  -4.1921762e-01
  -2.9335612e-01
  -5.6423137e-02
   3.8621615e-01
   5.6030278e-01
  -4.4707219e-01
  -2.2933085e-01
   3.6394854e-01
  -3.2178794e-01
  -1.3462635e-01
   4.6064093e-01
   1.5196925e-02
  -2.1771634e-01
   2.8993482e-01
  -7.4767563e-02
   3.3979768e-01
   4.6131511e-01
   4.7272026e-01
   7.4685205e-01
   1.6095182e-01
  -2.0856198e-01
  -5.1510550e-01
  -5.2892108e-01
   6.3948628e-01
   9.2487767e-01
   4.2849488e-01
  -1.4347584e-01
  -3.4315769e-01
  -2.9255868e-01
  -3.6963799e-01
  -9.5965280e-02
  -6.2759353e-01
   3.4617191e-01
   1.9398352e-01
   4.1003326e-01
  -4.6534447e-01
  -1.0569286e-01
  -8.4452926e-02
   7.9275244e-01
  -6.1494726e-02
  -3.0100564e-01
  -2.2653373e-01
  -1.0155806e-01
  -2.5357605e-01
   1.5934976e-01
  -5.3343164e-01
   5.5228948e-02
   9.2713765e-03
  -2.5903599e-01
  -6.7402800e-02
  -1.2921983e-01
  -3.1400331e-01
  -2.3776916e-01
  -1.4467840e-01
  -5.9922633e-01
  -6.6982346e-01
   3.2023297e-01
  -7.0857198e-01
  -2.0011429e-02
  -3.8925442e-01
  -1.0773733e-01
  -5.3246093e-03
  -3.9435080e-02
  -5.9051787e-01
  -8.4665510e-02
   5.3358936e-01
  -1.5087852e-01
  -1.9010115e-01
   4.5918923e-01
  -1.3506293e-01
  -2.4101219e-01
  -2.3748987e-01
  -3.4766384e-01
   4.1881672e-02
  -6.0570538e-01
  -6.3347555e-01
   9.1507666e-01
   1.8553919e-01
   1.8327205e-01
  -4.9907768e-02
   1.4871117e-01
   5.3078809e-01
   4.9593340e-01
   2.1455171e-01
   2.0127926e-03
  -3.9331197e-01
   5.0401237e-02
   3.4767722e-01
  -1.1814429e-01
   2.2036243e-01
  -1.4062477e-01
  -2.6727434e-01
  -1.4656317e-01
   1.2201005e+00
  -2.1643088e-02
  -1.6619729e-01
  -1.1507489e-01
  -1.2759023e-01
   5.9585309e-02
  -3.4673673e-01
   2.4743058e-01
   2.0537138e-01
   4.6318738e-01
   1.5825690e-03
   1.9052377e-01
   3.6355328e-01
  -5.7611610e-01
   1.5874744e-01
  -1.7702603e-01
   6.8340776e-02
  -7.8920423e-04
   8.7064898e-02
  -4.1626668e-02
   2.1553779e-01
   7.5581932e-01
   6.2765693e-01
  -8.0240054e-02
  -1.7767211e-01
  -3.1347938e-01
  -2.6424075e-01
  -2.3425054e-01
   1.0655288e-01
  -3.1393876e-01
   8.2622016e-02
   1.6927422e-01
  -2.7903207e-01
   1.1733063e-01
  -7.2130192e-01
   3.8916852e-01
   3.6288162e-02
   4.3045583e-01
   2.4509987e-01
   7.7739895e-01
  -3.8295207e-01
  -1.2671756e-01
   1.6538904e-01
  -5.4203703e-02
  -3.0153290e-01
  -1.4367458e-01
  -1.4108252e-01
  -4.1379595e-03
   3.7532017e-01
  -2.1476985e-01
   5.9958178e-01
   5.4266274e-01
   3.0861902e-01
   2.9081492e-01
  -2.7252943e-01
   2.5513168e-01
   1.5904711e-01
   6.6565727e-02
  -4.1876728e-01
  -2.2642291e-01
   6.8968706e-01
  -4.8481687e-01
   2.0426913e-01
   3.1764321e-03
   2.9356964e-01
   1.9931384e-01
   1.3396247e-01
  -9.1567098e-02
   3.4827493e-01
   1.4156361e-01
   3.3023120e-01
   2.8486642e-01
   1.4578178e-01
   4.5087373e-01
   1.2228666e-01
   1.4558244e-01
  -2.2614540e-02
  -2.3697922e-01
  -2.2343756e-01
  -3.1882838e-01
  -3.2430008e-01
  -1.1536218e-01
   9.1106871e-01
   6.7002048e-01
  -2.2410521e-01
  -1.3549548e-01
  -3.4065079e-01
   6.0373304e-01
   1.1584611e-01
  -1.5838012e-01
  -3.0153290e-01
  -6.5045557e-01
   2.6029277e-02
   5.8038826e-01
   5.6108801e-01
  -4.4051874e-01
  -5.9163911e-01
   6.6542215e-02
  -3.3484499e-01
  -3.1842847e-01
  -2.3518606e-01
   5.1301271e-01
   3.0601343e-01
   7.7033388e-01
  -4.6073644e-01
  -1.7203246e-01
   1.1417475e+00
   3.7688097e-01
  -8.1432116e-03
  -8.3373149e-02
   3.8932138e-04
  -2.1092154e-01
  -6.4359240e-02
  -7.9989090e-03
   4.9581756e-01
  -1.1220083e-01
   4.6994199e-01
  -3.1862778e-01
  -2.9551074e-01
  -2.1939386e-01
  -2.6970896e-01
  -1.5597055e-01
  -5.8996652e-02
  -2.5631892e-01
  -4.0706719e-01
   9.8512296e-03
  -2.2298173e-01
   2.9651873e-01
  -8.0004185e-01
   2.1399916e-02
  -4.7044836e-01
  -5.6140902e-01
   8.9303335e-01
  -1.9865142e-01
  -7.2327725e-01
  -1.2387193e-01
  -5.6999745e-01
  -5.5445986e-01
  -3.9943812e-02
  -9.1571117e-01
   5.9746209e-01
   5.2829677e-01
  -9.4347960e-02
   1.0149290e+00
   2.1018261e-01
   4.9837114e-02
  -1.9141268e-01
  -5.5382492e-01
  -7.9261491e-02
   8.4945751e-01
  -2.7492070e-01
  -3.6488038e-02
  -6.7745343e-02
  -1.2444652e-01
  -6.0931643e-01
  -2.4780292e-02
   3.0361574e-01
  -1.5823240e-01
  -1.3510376e-01
  -1.6042006e-01
   1.6592885e-01
   1.6178423e-01
   3.4522509e-01
   5.4372876e-01
  -6.4730773e-01
   1.8125962e-01
  -5.0985874e-01
   7.7666781e-01
   9.5709144e-02
  -9.7298325e-02
   2.6623833e-01
  -9.7066182e-02
  -1.4619772e-01
  -6.8674187e-01
  -3.3373814e-01
  -6.8412266e-01
   2.2438826e-01
  -5.1610742e-02
  -4.4199710e-01
   1.1688887e-02
   2.7133940e-01
   3.5075497e-01
   2.7232283e-01
  -1.1991689e+00
   8.9241426e-01
   6.9599961e-01
   2.1169461e-01
  -2.4906890e-01
  -1.3605862e-01
   1.9999063e-01
  -3.4640526e-01
  -2.5287041e-01
  -1.0144904e-01
  -3.3074861e-02
   3.3856182e-01
  -1.4725582e-01
  -4.1854992e-01
  -4.1824163e-01
  -5.6484496e-01
  -1.3396632e-01
   2.5773549e-02
  -3.7541202e-01
   2.5180813e-01
   2.2527033e-01
   4.8059321e-01
  -4.5928685e-01
  -3.0239270e-01
   2.9329194e-01
  -1.5840627e-01
  -7.6261102e-01
   7.0783754e-01
  -3.1527878e-01
   2.8215741e-01
  -1.9526899e-01
  -5.1359510e-01
  -3.1515194e-01
   1.2426041e-01
  -3.1453374e-01
   6.8709908e-02
   5.6303740e-01
  -4.8866806e-01
  -3.6216649e-01
  -1.3896143e-01
  -3.8630977e-01
   5.1080234e+00
  -3.1473383e-01
  -8.1362964e-02
  -1.7668278e-01
  -2.2571831e-02
   2.4019903e-01
   4.9633072e-01
  -2.4860414e-01
   3.9412803e-01
   8.5632975e-02
   6.9900194e-01
   6.8900121e-02
   5.8926283e-01
   1.6177156e-01
  -1.5756212e-01
  -1.8187560e-01
  -1.1803242e-01
  -1.5911911e-02
  -4.9905562e-01
  -3.6684629e-01
  -5.2397818e-01
  -3.0494656e-02
   5.2867021e-01
  -3.1288713e-01
  -1.5855402e-01
  -2.5170898e-01
   3.9681427e-01
   1.3534872e-02
  -3.3803427e-01
  -1.4675704e-01
  -9.2425345e-02
  -2.4133186e-02
  -3.7347206e-01
  -4.0471606e-01
  -3.2167236e-01
   7.4970453e-01
   4.6998647e-01
  -3.7194180e-01
  -5.8720169e-02
  -4.1560399e-01
  -4.8389538e-01
  -8.0024580e-02
   2.5261826e-01
  -2.2140845e-01
   2.5937003e-02
   7.1811391e-01
  -3.6205584e-01
   6.1957156e-02
   4.4407529e-02
  -7.6671505e-02
  -3.2158008e-01
  -7.6775346e-01
   9.4233889e-01
  -2.0793326e-01
  -4.5106926e-01
  -4.6585686e-01
   1.0927100e-02
  -3.3829663e-01
  -1.0710362e-01
  -2.0421181e-01
   1.0113097e-01
  -6.1894648e-02
   3.4838075e-01
   2.1433176e-01
   6.5820605e-01
  -3.9191112e-01
   2.0983578e-01
   1.3636011e+00
  -1.6737246e-02
   7.0756695e-01
   2.8613958e-01
   4.3808701e-01
  -3.0915239e-01
