   6.4407471e-01
  -1.8090058e-01
   2.9161794e-01
   2.9161794e-01
  -1.0058759e+00
   7.0024134e-01
  -4.6721953e-03
   5.2401296e-01
   1.7155619e-01
   1.1538956e-01
  -3.5712896e-01
   2.9161794e-01
  -7.0958573e-01
  -4.6721953e-03
  -8.8581412e-01
   5.2401296e-01
   4.0395121e-01
  -5.4108584e-01
  -1.4222278e+00
   1.0766107e-01
  -4.7719072e-01
  -1.1259376e+00
  -4.1329560e-01
  -2.3706721e-01
   1.7155619e-01
   1.7155619e-01
   2.9161794e-01
  -6.0838828e-02
   1.1538956e-01
   2.9161794e-01
   4.6784633e-01
  -4.7719072e-01
   2.9161794e-01
   1.3489882e+00
  -3.5712896e-01
   1.7155619e-01
   4.6784633e-01
   8.2030310e-01
   4.6784633e-01
   2.0539018e+00
   7.0024134e-01
   1.1538956e-01
  -6.5341910e-01
   1.1538956e-01
  -7.0958573e-01
  -6.0838828e-02
   8.2030310e-01
   1.1727599e+00
  -6.5341910e-01
  -6.5341910e-01
   1.7155619e-01
  -2.3706721e-01
  -1.3021660e+00
  -5.3335735e-01
   1.1538956e-01
   8.2030310e-01
  -3.0096233e-01
   5.2401296e-01
   4.6784633e-01
  -6.5341910e-01
   2.9161794e-01
   6.3634622e-01
   1.1727599e+00
   4.6784633e-01
  -1.1821043e+00
   5.2401296e-01
  -3.5712896e-01
  -6.5341910e-01
  -4.7719072e-01
  -1.4783944e+00
  -4.6721953e-03
  -5.4108584e-01
   1.7155619e-01
  -1.8090058e-01
   5.2401296e-01
   1.1538956e-01
  -1.8090058e-01
   1.1538956e-01
   5.8017959e-01
   1.5252166e+00
   2.9161794e-01
  -9.4970924e-01
  -1.8090058e-01
  -6.0838828e-02
   1.3489882e+00
  -4.7719072e-01
   1.7155619e-01
  -3.5712896e-01
   3.4778457e-01
  -1.6546228e+00
  -6.0838828e-02
  -3.5712896e-01
   1.7155619e-01
  -1.8090058e-01
  -5.9725247e-01
  -4.7719072e-01
   6.4407471e-01
  -7.0958573e-01
  -1.8090058e-01
  -2.3706721e-01
   8.7646973e-01
   1.0526981e+00
   1.1538956e-01
  -3.0096233e-01
   1.0766107e-01
  -4.6721953e-03
  -1.2473395e-01
  -4.6721953e-03
  -1.0058759e+00
  -1.8090058e-01
  -1.3021660e+00
  -5.3335735e-01
  -1.8090058e-01
   4.6784633e-01
   4.6784633e-01
  -4.1329560e-01
  -8.8581412e-01
  -6.5341910e-01
   9.9653148e-01
   6.4407471e-01
  -4.6721953e-03
  -1.0058759e+00
  -6.5341910e-01
  -6.0838828e-02
   2.9161794e-01
  -3.5712896e-01
  -3.5712896e-01
  -5.3335735e-01
   4.6784633e-01
   2.9161794e-01
  -6.5341910e-01
   3.4778457e-01
   4.6784633e-01
   1.1538956e-01
   2.9161794e-01
   8.7646973e-01
  -1.8090058e-01
   2.9161794e-01
  -2.3706721e-01
  -1.0058759e+00
   2.9161794e-01
  -6.0838828e-02
   6.4407471e-01
  -1.0058759e+00
   2.9161794e-01
   1.7155619e-01
   1.7155619e-01
  -5.9725247e-01
  -5.3335735e-01
  -1.8090058e-01
  -5.3335735e-01
  -1.8090058e-01
  -1.8090058e-01
  -4.6721953e-03
  -3.5712896e-01
  -8.2964749e-01
   2.9161794e-01
   5.2401296e-01
  -6.0838828e-02
  -3.5712896e-01
   1.7155619e-01
  -1.2473395e-01
  -7.7348085e-01
  -3.0096233e-01
   1.1538956e-01
   4.6784633e-01
  -1.8090058e-01
   1.1538956e-01
  -3.6485745e-01
  -1.8712146e+00
   1.7155619e-01
   2.9161794e-01
  -3.0096233e-01
   6.4407471e-01
   2.9161794e-01
   3.4778457e-01
  -4.7719072e-01
   6.4407471e-01
  -2.3706721e-01
  -1.0058759e+00
   3.4778457e-01
  -8.2964749e-01
   2.9161794e-01
  -3.5712896e-01
   1.3489882e+00
   4.6784633e-01
   4.6784633e-01
   4.6784633e-01
   1.7155619e-01
   8.2030310e-01
  -3.5712896e-01
  -1.5984561e+00
  -2.3706721e-01
   5.1494438e-02
   6.4407471e-01
   9.9653148e-01
  -1.8090058e-01
   1.8776734e+00
   4.0395121e-01
  -6.0838828e-02
   7.0024134e-01
  -9.4970924e-01
   2.9161794e-01
   5.1494438e-02
  -6.0838828e-02
  -1.8090058e-01
  -1.4783944e+00
  -2.4479570e-01
   8.7646973e-01
   2.9161794e-01
  -6.0838828e-02
   1.1538956e-01
  -4.6721953e-03
   8.2030310e-01
   1.1538956e-01
   2.9161794e-01
  -1.8090058e-01
  -2.3706721e-01
  -4.6721953e-03
   1.1538956e-01
   4.6784633e-01
   6.4407471e-01
   1.1538956e-01
  -4.6721953e-03
  -2.3706721e-01
   1.1727599e+00
  -8.8581412e-01
   8.7646973e-01
  -6.0838828e-02
  -1.6546228e+00
   2.1041385e+00
  -5.3335735e-01
   9.9653148e-01
  -3.5712896e-01
   1.1727599e+00
  -6.0838828e-02
  -1.8090058e-01
  -4.7719072e-01
  -1.8090058e-01
  -1.3021660e+00
   4.6784633e-01
   9.9653148e-01
  -7.0958573e-01
  -5.3335735e-01
   2.9161794e-01
  -5.9725247e-01
  -5.3335735e-01
   1.1727599e+00
   4.6784633e-01
   1.7155619e-01
   2.9161794e-01
  -1.8090058e-01
   6.4407471e-01
  -1.2473395e-01
  -1.4222278e+00
   4.6784633e-01
   1.7014450e+00
   4.6784633e-01
   2.9161794e-01
  -8.2964749e-01
   8.2030310e-01
   2.9161794e-01
  -8.2964749e-01
   1.1538956e-01
  -6.5341910e-01
   9.9653148e-01
   1.1538956e-01
   2.9161794e-01
  -6.5341910e-01
  -4.6721953e-03
   4.6784633e-01
  -5.3335735e-01
   2.2772282e-01
   1.7155619e-01
  -7.0958573e-01
  -1.8090058e-01
   4.6784633e-01
   4.6784633e-01
  -1.1259376e+00
   2.0539018e+00
   2.9161794e-01
  -6.0838828e-02
  -5.3335735e-01
  -7.0958573e-01
  -1.8090058e-01
  -1.3583326e+00
  -5.3335735e-01
   8.7646973e-01
  -6.0838828e-02
   4.6784633e-01
   5.2401296e-01
   5.2401296e-01
  -8.2964749e-01
  -6.5341910e-01
   2.9161794e-01
  -1.1259376e+00
  -1.2473395e-01
  -9.4970924e-01
  -4.6721953e-03
   1.1538956e-01
  -5.3335735e-01
  -4.7719072e-01
  -8.2964749e-01
   1.3489882e+00
   2.9161794e-01
  -2.0474430e+00
  -9.4970924e-01
   1.1538956e-01
  -8.2964749e-01
  -6.0838828e-02
   1.0526981e+00
  -2.3706721e-01
  -4.6721953e-03
  -4.6721953e-03
   5.2401296e-01
   1.7155619e-01
  -1.1821043e+00
  -1.1259376e+00
  -1.8090058e-01
   2.9161794e-01
   8.2030310e-01
   5.1494438e-02
   1.1538956e-01
  -3.0096233e-01
   6.4407471e-01
   1.0766107e-01
  -6.0838828e-02
   3.4778457e-01
  -3.0096233e-01
   4.6784633e-01
  -2.3706721e-01
   4.6784633e-01
  -3.5712896e-01
   8.2030310e-01
  -6.8567314e-02
  -3.5712896e-01
   9.9653148e-01
   6.4407471e-01
  -6.0838828e-02
  -1.8090058e-01
   3.4778457e-01
   7.0024134e-01
  -6.5341910e-01
  -1.8090058e-01
   2.9161794e-01
   7.0024134e-01
  -6.0838828e-02
   1.2289265e+00
  -7.7348085e-01
  -8.2964749e-01
   1.1538956e-01
   1.5813833e+00
   2.9161794e-01
   1.1727599e+00
   8.7646973e-01
   1.7155619e-01
  -8.2964749e-01
   8.7646973e-01
   1.0526981e+00
  -1.8862907e-01
  -2.3706721e-01
  -1.4783944e+00
   4.6784633e-01
  -4.6721953e-03
  -5.3335735e-01
   9.9653148e-01
  -1.2473395e-01
  -5.3335735e-01
   2.9161794e-01
   1.1538956e-01
   1.1727599e+00
  -8.9354260e-01
   4.6784633e-01
  -3.0096233e-01
   1.1538956e-01
  -5.3335735e-01
   8.2030310e-01
   2.9161794e-01
  -1.8090058e-01
   4.6784633e-01
  -5.3335735e-01
  -1.1821043e+00
   1.0526981e+00
  -3.0096233e-01
   4.6784633e-01
  -6.0838828e-02
  -5.3335735e-01
  -2.3706721e-01
   8.2030310e-01
   1.1538956e-01
  -1.1821043e+00
   1.1538956e-01
  -4.7719072e-01
   6.3634622e-01
   1.7155619e-01
   1.7155619e-01
  -2.3706721e-01
  -4.7719072e-01
   1.1538956e-01
  -1.8090058e-01
  -4.6721953e-03
  -1.3021660e+00
   2.9161794e-01
  -6.0838828e-02
  -2.3706721e-01
  -1.2473395e-01
  -1.8090058e-01
  -1.8090058e-01
  -8.8581412e-01
   8.2030310e-01
  -8.2964749e-01
  -3.5712896e-01
   4.6784633e-01
   1.3489882e+00
  -2.1271413e+00
   4.6784633e-01
   3.4778457e-01
   7.0024134e-01
  -1.7746845e+00
  -2.3706721e-01
  -4.6721953e-03
   1.7155619e-01
  -4.6721953e-03
   1.5252166e+00
  -3.5712896e-01
  -3.5712896e-01
   6.4407471e-01
  -1.8090058e-01
  -5.3335735e-01
  -3.5712896e-01
   2.9161794e-01
   8.2030310e-01
  -6.0838828e-02
  -4.6721953e-03
   5.2401296e-01
  -6.0838828e-02
   8.2030310e-01
  -4.6721953e-03
  -5.4108584e-01
   2.2772282e-01
  -1.2459994e+00
   7.0024134e-01
  -3.5712896e-01
  -5.3335735e-01
